image: carto4.pgm
resolution: 0.050000
origin: [-7.166734, -7.026826, 0.000000]
negate: 0
occupied_thresh: 0.65
free_thresh: 0.196

