image: carto3.pgm
resolution: 0.050000
origin: [-7.179553, -7.026072, 0.000000]
negate: 0
occupied_thresh: 0.65
free_thresh: 0.196

