image: carto1.pgm
resolution: 0.050000
origin: [-7.234687, -7.026463, 0.000000]
negate: 0
occupied_thresh: 0.65
free_thresh: 0.196

