free_thresh: 0.196
image: demo2_cropped.pgm
negate: 0
occupied_thresh: 0.65
origin: [-7.420000000000002, -4.219999999999999, 0.0]
resolution: 0.02
